# Created by Octave 4.0.3, Thu Dec 15 21:53:57 2016 ICT <dattran@Trans-MacBook-Pro.local>
# name: a
# type: scalar
1


